16777472 256
16777728 512
16779264 2048
16785408 8192
16842752 256
16843264 512
16843776 1024
16844800 2048
16846848 4096
16850944 8192
16908288 512
16908800 256
16909312 256
16909568 256
16909824 512
16910336 256
16910592 256
16910848 512
16911360 1024
16912384 4096
16916480 8192
16924672 16384
16973824 65536
17039616 256
17039872 512
17040384 256
17040640 256
17040896 512
17041408 2048
17043456 4096
17047552 8192
17055744 16384
17301504 65536
17432576 2048
17434624 512
17435392 256
17435648 1024
17436672 4096
17440768 8192
17448960 16384
17563648 262144
18350080 524288
19726336 65536
19922944 131072
20054016 65536
20119552 65536
20447232 524288
21233664 262144
22020096 524288
22544384 262144
22806528 131072
22937600 131072
24379392 262144
28573696 262144
28835840 131072
29097984 262144
29360128 524288
30015488 131072
30146560 262144
234881024 2048
234884096 1024
234946560 1024
235929600 1048576
241598464 1024
241605632 1024
241631232 65536
241696768 524288
242221056 1048576
243400704 131072
243662848 131072
244318208 1048576
247479296 1024
247483392 1024
247726080 131072
248250368 131072
248512512 1048576
453509120 524288
454033408 1048576
455272448 2048
455344128 262144
455606272 524288
456271872 2048
456294400 32768
456542208 2048
456562688 2048
456572928 16384
459460608 4096
459464704 8192
459505664 32768
459735040 65536
459964416 16384
459983872 1024
460136448 8192
460324864 16384
460345344 4096
460423168 16384
460521472 32768
460598272 1024
460933120 2048
460945408 2048
461373440 131072
461626368 1024
462422016 65536
462684160 262144
462946304 524288
465043456 524288
465567744 2097152
467664896 262144
603979776 1024
603981824 2048
603983872 4096
603987968 8192
603996160 16384
604012544 32768
604045312 65536
604241920 262144
605028352 1048576
606076928 262144
606339072 65536
606404608 8192
606413824 512
606414592 256
606414848 2048
606416896 4096
606601216 524288
607125504 131072
607322112 65536
607649792 524288
610271232 2097152
612368384 4194304
616562688 2097152
620232704 262144
620625920 65536
654311424 256
654311936 512
654312448 1024
654313472 2048
654315520 4096
654319616 8192
654327808 16384
654344192 32768
658505728 2097152
662700032 4194304
704643072 1024
704645120 2048
704647168 2048
704649216 1024
704651264 8192
704675840 32768
704708608 8192
704716800 4096
704720896 2048
704722944 1024
704741376 32768
704905216 262144
707788800 131072
707919872 65536
707985408 65536
708050944 262144
708313088 262144
708706304 32768
708739072 8192
708747264 4096
708752384 1024
708753408 2048
708771840 65536
709885952 131072
710098944 4096
710103040 1024
710105088 2048
710107136 8192
710115328 32768
710148096 262144
710410240 524288
710950912 8192
710959104 2048
710962176 1024
710963200 4096
710967296 32768
711000064 65536
711131136 16384
711147520 8192
711155712 4096
711159808 1024
711161856 2048
711196672 262144
712507392 131072
712638464 65536
712704000 8192
712713216 1024
712714240 2048
712716288 4096
712720384 16384
712736768 32768
713031680 1048576
714866688 8192
714875904 1024
714876928 2048
714878976 4096
714883072 16384
714899456 32768
714932224 65536
714997760 131072
715128832 1048576
716177408 524288
716701696 131072
716832768 65536
716898304 16384
716914688 8192
716922880 4096
716926976 2048
716929024 1024
716931072 32768
717225984 131072
717357056 2048
717359104 1024
717360128 1024
717361152 4096
717365248 8192
717373440 16384
717389824 32768
717422592 65536
717488128 262144
717815808 32768
717881344 131072
718012416 262144
718274560 1048576
719323136 1048576
720371712 32768
720404480 32768
720502784 131072
720633856 262144
720896000 524288
736886784 1024
736887808 1024
736888832 1024
736889856 1024
736890880 1024
736891904 1024
736892928 1024
736893952 1024
736894976 1024
736896000 1024
736897024 1024
736898048 1024
736899072 1024
736900096 1024
736901120 1024
736902144 1024
736903168 1024
736904192 1024
736905216 1024
736906240 1024
736907264 1024
736908288 1024
736909312 1024
736910336 1024
736911360 1024
736912384 1024
736913408 1024
736914432 1024
736915456 1024
736916480 1024
736917504 1024
736918528 1024
736919552 1024
736920576 1024
736921600 1024
736922624 1024
736923648 1024
736924672 1024
736925696 1024
736926720 1024
736927744 1024
736928768 1024
736929792 1024
736930816 1024
736931840 1024
736932864 1024
736933888 1024
736934912 1024
736935936 1024
736936960 1024
736937984 1024
736939008 1024
736940032 1024
736941056 1024
736942080 1024
736943104 1024
736944128 1024
736945152 1024
736946176 1024
736947200 1024
736948224 1024
736949248 1024
736950272 1024
736951296 1024
736952320 1024
736953344 1024
736954368 1024
736955392 1024
736956416 1024
736957440 1024
736958464 1024
736959488 1024
736960512 1024
736961536 1024
736962560 1024
736963584 1024
736964608 1024
736965632 1024
736966656 1024
736967680 1024
736968704 1024
736969728 1024
736970752 1024
736971776 1024
736972800 1024
736973824 1024
736974848 1024
736975872 1024
736976896 1024
736977920 1024
736978944 1024
736979968 1024
736980992 1024
736982016 1024
736983040 1024
736984064 1024
736985088 1024
736986112 1024
736987136 1024
736988160 1024
736989184 1024
736990208 1024
736991232 1024
736992256 1024
736993280 1024
736994304 1024
736995328 1024
736996352 1024
736997376 1024
736998400 1024
736999424 1024
737000448 1024
737001472 1024
737002496 1024
737003520 1024
737004544 1024
737005568 1024
737006592 1024
737007616 1024
737008640 1024
737009664 1024
737010688 1024
737011712 1024
737012736 1024
737013760 1024
737014784 1024
737015808 1024
737016832 1024
737017856 1024
737018880 1024
737019904 1024
737020928 1024
737021952 1024
737022976 1024
737024000 1024
737025024 1024
737026048 1024
737027072 1024
737028096 1024
737029120 1024
737030144 1024
737031168 1024
737032192 1024
737033216 1024
737034240 1024
737035264 1024
737036288 1024
737037312 1024
737038336 1024
737039360 1024
737040384 1024
737041408 1024
737042432 1024
737043456 1024
737044480 1024
737045504 1024
737046528 1024
737047552 1024
737048576 1024
737049600 1024
737050624 1024
737051648 1024
737052672 1024
737053696 1024
737054720 1024
737055744 1024
737056768 1024
737057792 1024
737058816 1024
737059840 1024
737060864 1024
737061888 1024
737062912 1024
737063936 1024
737064960 1024
737065984 1024
737067008 1024
737068032 1024
737069056 1024
737070080 1024
737071104 1024
737072128 1024
737073152 1024
737074176 1024
737075200 1024
737076224 1024
737077248 1024
737078272 1024
737079296 1024
737080320 1024
737081344 1024
737082368 1024
737083392 1024
737084416 1024
737085440 2048
737087488 1024
737088512 1024
737089536 1024
737090560 1024
737091584 1024
737092608 1024
737093632 1024
737094656 1024
737095680 1024
737148928 1024
737161216 1024
737163264 1024
737164288 1024
737166336 1024
737167360 1024
737168384 1024
737170432 1024
737180672 1024
737181696 1024
737182720 1024
737183744 1024
737188864 1024
737189888 1024
737190912 1024
737191936 1024
737192960 1024
737193984 1024
737195008 1024
737196032 1024
737197056 1024
737198080 1024
737199104 1024
737200128 1024
737201152 1024
737202176 1024
737203200 1024
737204224 1024
737205248 1024
737209344 1024
737210368 1024
737211392 1024
737212416 1024
737213440 1024
737214464 1024
737215488 1024
737216512 1024
737217536 1024
737218560 1024
737219584 1024
737226752 1024
737233920 1024
737234944 1024
737235968 1024
737236992 1024
737238016 1024
737243136 1024
737257472 1024
737258496 1024
737259520 1024
737260544 1024
737261568 1024
737264640 1024
737267712 1024
737268736 1024
737269760 1024
737270784 1024
737271808 1024
737272832 1024
737273856 1024
737274880 1024
737275904 1024
737277952 1024
737278976 1024
737282048 1024
737283072 1024
737284096 1024
737285120 1024
737286144 1024
737287168 1024
737288192 1024
737291264 1024
737292288 1024
737293312 1024
737294336 1024
737295360 1024
737296384 1024
737298432 1024
737299456 1024
737300480 1024
737301504 1024
737302528 1024
737303552 1024
737304576 1024
737316864 1024
737317888 1024
737318912 1024
737319936 1024
737320960 1024
737321984 1024
737323008 1024
737326080 1024
737328128 1024
737329152 1024
737330176 1024
737332224 1024
737335296 1024
737336320 1024
737344512 1024
737346560 1024
737347584 1024
737348608 1024
737349632 1024
737351680 1024
737368064 1024
737378304 1024
737380352 1024
737382400 1024
737383424 1024
737385472 1024
737388544 1024
737391616 1024
737393664 1024
737403904 1024
737404928 1024
737408000 1024
737542144 1024
737543168 1024
737544192 1024
737545216 1024
737546240 1024
737547264 1024
737548288 1024
737549312 1024
737550336 1024
737551360 1024
737552384 1024
737553408 1024
737554432 1024
737555456 1024
737556480 1024
737557504 1024
737558528 1024
737559552 1024
737560576 1024
737561600 1024
737562624 1024
737563648 1024
737564672 1024
737565696 1024
737566720 1024
737608704 1024
737609728 1024
737618944 1024
737619968 1024
737625088 1024
737627136 1024
737629184 1024
737630208 1024
737631232 1024
737632256 1024
737633280 1024
737635328 1024
737636352 1024
737645568 1024
737646592 1024
737652736 1024
737653760 1024
737654784 1024
737655808 1024
737657856 1024
737658880 1024
737659904 1024
737660928 1024
737661952 1024
737662976 1024
737664000 1024
737665024 1024
737666048 1024
737667072 1024
737668096 1024
737669120 1024
737670144 1024
737671168 1024
737672192 1024
737673216 1024
737674240 1024
737678336 1024
737680384 1024
737685504 1024
737687552 1024
737692672 1024
737693696 1024
737694720 1024
737695744 1024
737696768 1024
737697792 1024
737698816 1024
737699840 1024
737700864 1024
737701888 1024
737702912 1024
737703936 1024
737704960 1024
737705984 1024
737707008 1024
737708032 1024
737709056 1024
737710080 1024
737711104 1024
737718272 1024
737719296 1024
737720320 1024
737721344 1024
737722368 1024
737723392 1024
737724416 1024
737725440 1024
737726464 1024
737731584 1024
737732608 1024
737735680 1024
737738752 1024
737739776 1024
737740800 1024
737744896 1024
737769472 1024
737772544 1024
737773568 1024
737775616 1024
737776640 1024
737777664 1024
737778688 1024
737779712 1024
737780736 1024
737781760 1024
737787904 1024
737799168 1024
737945600 1024
737947648 1024
737949696 1024
737992704 1024
738066432 1024
738067456 1024
738068480 1024
738072576 1024
738075648 1024
738077696 1024
738079744 1024
738082816 1024
738084864 1024
738087936 1024
738088960 1024
738089984 1024
738092032 1024
738093056 1024
738095104 1024
738096128 1024
738099200 1024
738101248 1024
738102272 1024
738103296 1024
738104320 1024
738105344 1024
738106368 1024
738109440 1024
738110464 1024
738112512 1024
738113536 1024
738114560 1024
738115584 1024
738116608 1024
738117632 1024
738119680 1024
738122752 1024
738123776 1024
738124800 1024
738125824 1024
738126848 1024
738127872 1024
738129920 1024
738130944 1024
738131968 1024
738132992 1024
738134016 1024
738136064 1024
738144256 1024
738147328 1024
738148352 1024
738149376 1024
738150400 1024
738151424 1024
738153472 1024
738156544 1024
738159616 1024
738168832 1024
738174976 1024
738177024 1024
738179072 1024
738181120 1024
738183168 1024
738184192 1024
738185216 1024
738186240 1024
738189312 1024
738190336 1024
738191360 1024
738194432 1024
759197696 512
822345728 262144
825425920 65536
825491456 262144
826277888 2097152
829423616 524288
829947904 262144
830472192 256
830472704 512
831258624 131072
832045056 262144
835715072 131072
835846144 131072
836501504 262144
837287936 262144
837746688 16384
837795840 16384
838262784 8192
920518656 131072
973996032 131072
974127104 65536
974192640 32768
974225408 32768
974258176 65536
974323712 65536
974389248 65536
974454784 65536
974520320 131072
974651392 131072
975044608 131072
975175680 524288
975699968 131072
975831040 65536
975896576 65536
975962112 262144
976224256 524288
976748544 131072
976879616 65536
976945152 32768
976977920 32768
977010688 262144
977397760 2048
977403904 131072
977567744 32768
978452480 32768
978518016 32768
978550784 32768
978796544 16384
979599360 32768
979632128 131072
980680704 262144
981467136 524288
982515712 65536
983171072 131072
985661440 131072
985792512 131072
985923584 131072
986054656 131072
986185728 524288
986710016 1048576
988807168 131072
988938240 131072
989069312 131072
989200384 131072
989331456 524288
991952896 524288
992477184 131072
992608256 65536
992673792 65536
992739328 262144
993001472 65536
993067008 32768
993099776 32768
993132544 65536
993198080 32768
993230848 32768
993263616 262144
993525760 262144
993787904 131072
993918976 131072
994050048 262144
994312192 262144
994574336 131072
994705408 131072
994836480 65536
994902016 65536
994967552 131072
995098624 131072
995229696 131072
996868096 32768
996900864 32768
996933632 131072
997064704 131072
999751680 32768
1000013824 65536
1001127936 131072
1001259008 131072
1002373120 32768
1002434560 4096
1002438656 4194304
1006632960 524288
1007157248 131072
1007288320 65536
1007353856 65536
1007419392 65536
1007484928 16384
1007501312 16384
1007517696 32768
1007550464 131072
1007681536 524288
1008205824 262144
1008467968 131072
1008599040 65536
1008664576 65536
1010237440 65536
1010761728 65536
1017118720 131072
1017249792 131072
1017380864 131072
1017511936 131072
1017643008 524288
1018167296 1048576
1019346944 131072
1019740160 262144
1020002304 65536
1020067840 65536
1020133376 131072
1020264448 524288
1020788736 131072
1020919808 131072
1021050880 262144
1021837312 131072
1022033920 65536
1022722048 32768
1022820352 65536
1023148032 65536
1023246336 32768
1023344640 65536
1023692800 1024
1023693824 1024
1023694848 2048
1023717376 4096
1023975424 4096
1025245184 4096
1025249280 4096
1025253376 8192
1025261568 16384
1025343488 16384
1025359872 8192
1025368064 4096
1025372160 4096
1026392064 16384
1026416640 4096
1026523136 16384
1026555904 262144
1026818048 131072
1026949120 65536
1027014656 65536
1029160960 16384
1031798784 131072
1031929856 131072
1032060928 65536
1032126464 32768
1032159232 32768
1032192000 16384
1032208384 8192
1032216576 8192
1032224768 16384
1032241152 16384
1032257536 65536
1032323072 16384
1032339456 16384
1032355840 32768
1032388608 32768
1032421376 32768
1032454144 16384
1032470528 16384
1032486912 16384
1032503296 16384
1032519680 32768
1032552448 16384
1032568832 16384
1032585216 262144
1032847360 262144
1033109504 131072
1033240576 131072
1033371648 65536
1033437184 65536
1033502720 131072
1033633792 65536
1033699328 65536
1033764864 32768
1033797632 32768
1033830400 16384
1033846784 16384
1033863168 32768
1033895936 65536
1033961472 16384
1033977856 16384
1033994240 32768
1034027008 65536
1034092544 65536
1034158080 65536
1034223616 65536
1034289152 65536
1034354688 65536
1034420224 65536
1034485760 65536
1034551296 131072
1034682368 262144
1034944512 65536
1035010048 65536
1035075584 65536
1035141120 65536
1035206656 32768
1035239424 32768
1035272192 65536
1035337728 65536
1035403264 65536
1035468800 262144
1035730944 65536
1035796480 32768
1035829248 32768
1035862016 131072
1038614528 262144
1038876672 131072
1039138816 262144
1694498816 1024
1694564352 1024
1694673920 1024
1694760960 262144
1695547392 1048576
1696595968 1048576
1697644544 131072
1697789952 1024
1697906688 65536
1697997824 1024
1698037760 65536
1698160640 2048
1698693120 524288
1699217408 262144
1699479552 131072
1699610624 1024
1699618816 8192
1699741696 1048576
1700790272 2048
1700792320 1024
1700794368 4096
1700823040 32768
1701011456 8192
1701134336 8192
1701143552 256
1701144064 512
1701144576 2048
1701146624 4096
1701199872 8192
1701209088 512
1701209600 256
1701210112 2048
1701212160 4096
1701314560 262144
1701724160 8192
1701732352 4096
1701737472 1024
1701738496 2048
1702363136 262144
1702625280 131072
1702756352 65536
1702887424 1024
1702889472 2048
1702891520 4096
1702895616 8192
1702952960 65536
1703018496 131072
1703149568 262144
1703936000 1048576
1707081728 262144
1707343872 262144
1707606016 131072
1707835392 8192
1707843584 2048
1707846656 1024
1707847680 4096
1707868160 262144
1709178880 524288
1709703168 131072
1709850624 2048
1709853696 1024
1709854720 4096
1709858816 8192
1709965312 262144
1710227456 262144
1710489600 262144
1710751744 131072
1710948352 1024
1710950400 2048
1710952448 4096
1710956544 8192
1710964736 16384
1710981120 32768
1711013888 131072
1711144960 65536
1728120832 1024
1728123904 1024
1728124928 1024
1728137216 1024
1728141312 1024
1728161792 1024
1728211968 1024
1728224256 1024
1728226304 1024
1728235520 1024
1728236544 1024
1728237568 1024
1728238592 1024
1728271360 1024
1728272384 1024
1728273408 1024
1728274432 1024
1728275456 1024
1728276480 1024
1728277504 1024
1728278528 1024
1728279552 1024
1728280576 1024
1728281600 1024
1728282624 1024
1728283648 1024
1728284672 1024
1728285696 1024
1728287744 1024
1728288768 1024
1728289792 1024
1728329728 1024
1728358400 1024
1728362496 1024
1728390144 1024
1728394240 1024
1728395264 1024
1728445440 1024
1728465920 1024
1728502784 1024
1728513024 1024
1728519168 1024
1728566272 1024
1728567296 1024
1728568320 1024
1728578560 1024
1728579584 1024
1728585728 1024
1728590848 1024
1728605184 1024
1728617472 1024
1728628736 1024
1728629760 1024
1728633856 1024
1728681984 1024
1728706560 1024
1728707584 1024
1728708608 1024
1728712704 1024
1728730112 1024
1728737024 256
1728744448 1024
1728820224 1024
1728847872 1024
1728857088 1024
1728874496 1024
1728886784 1024
1728899072 1024
1728936960 1024
1728942080 1024
1728955392 1024
1728967680 1024
1728992256 1024
1728999424 1024
1729004544 1024
1729005568 1024
1729010688 1024
1729032192 1024
1729037312 1024
1729038336 1024
1729040384 1024
1729060864 1024
1729087488 1024
1729115136 1024
1729122304 1024
1729123328 1024
1729124352 1024
1729129472 1024
1729133568 1024
1729177600 1024
1729198080 1024
1729208320 1024
1729219584 1024
1729225728 1024
1729282048 1024
1729286144 1024
1729287168 1024
1729290240 1024
1729301504 1024
1729308672 1024
1729309696 1024
1729314816 1024
1729315840 1024
1729316864 1024
1729357824 1024
1729367040 1024
1729372160 1024
1729392640 1024
1729396736 1024
1729404928 1024
1729427456 1024
1729458176 1024
1729459200 1024
1729464320 1024
1729465344 1024
1729474560 1024
1729482752 1024
1729490944 1024
1729495040 1024
1729496064 1024
1729497088 1024
1729498112 1024
1729499136 1024
1729500160 1024
1729501184 1024
1729502208 1024
1729503232 1024
1729504256 1024
1729505280 1024
1729506304 1024
1729507328 1024
1729508352 1024
1729509376 1024
1729510400 1024
1729511424 1024
1729512448 1024
1729513472 1024
1729514496 1024
1729515520 1024
1729516544 1024
1729517568 1024
1729518592 1024
1729520640 1024
1729521664 1024
1729522688 1024
1729523712 1024
1729524736 1024
1729525760 1024
1729526784 1024
1729543168 1024
1729553408 1024
1729559552 1024
1729562624 1024
1729574912 1024
1729601536 1024
1729602560 1024
1729605632 1024
1729618944 1024
1729655808 1024
1729658880 1024
1729662976 1024
1729671168 1024
1729673216 1024
1729682432 1024
1729684480 1024
1729689600 1024
1729690624 1024
1729693696 512
1729696768 1024
1729697792 1024
1729698816 1024
1729699840 1024
1729700864 1024
1729701888 1024
1729703936 1024
1729708032 1024
1729709056 1024
1729729536 1024
1729731584 1024
1729746944 1024
1729757184 1024
1729773568 1024
1729797120 1024
1729798144 1024
1729815552 1024
1729818624 1024
1729823744 1024
1729825792 1024
1729828864 1024
1729837056 1024
1729847296 1024
1729875968 1024
1729884160 1024
1729889280 1024
1729890304 1024
1729940480 1024
1729957888 1024
1729986560 1024
1729987584 1024
1729988608 1024
1730024448 1024
1730043904 1024
1730057216 1024
1730070528 1024
1730074624 1024
1730077696 1024
1730079744 1024
1730084864 1024
1730097152 1024
1730098176 1024
1730099200 1024
1730100224 1024
1730101248 1024
1730102272 1024
1730103296 1024
1730122752 1024
1730125824 1024
1730127872 1024
1730136064 1024
1730150400 1024
1730151424 1024
1730152448 1024
1730153472 1024
1730154496 1024
1730155520 1024
1730156544 1024
1730157568 1024
1730158592 1024
1730159616 1024
1730160640 1024
1730161664 1024
1730162688 1024
1730163712 1024
1730164736 1024
1730165760 1024
1730166784 1024
1730167808 1024
1730168832 1024
1730169856 1024
1730170880 1024
1730171904 1024
1730172928 1024
1730173952 1024
1730174976 1024
1730176000 1024
1730177024 1024
1730178048 1024
1730179072 1024
1730180096 1024
1730181120 1024
1730182144 1024
1730183168 1024
1730184192 1024
1730185216 1024
1730186240 1024
1730187264 1024
1730188288 1024
1730189312 1024
1730190336 1024
1730191360 1024
1730192384 1024
1730193408 1024
1730194432 1024
1730195456 1024
1730196480 1024
1730197504 1024
1730198528 1024
1730199552 1024
1730200576 1024
1730201600 1024
1730202624 1024
1730203648 1024
1730204672 1024
1730205696 1024
1730206720 1024
1730207744 1024
1730208768 1024
1730209792 1024
1730210816 1024
1730211840 1024
1730212864 1024
1730213888 1024
1730214912 1024
1730215936 1024
1730216960 1024
1730217984 1024
1730219008 1024
1730220032 1024
1730221056 1024
1730222080 1024
1730223104 1024
1730224128 1024
1730225152 1024
1730226176 1024
1730227200 1024
1730228224 1024
1730229248 1024
1730230272 1024
1730231296 1024
1730232320 1024
1730233344 1024
1730234368 1024
1730235392 1024
1730236416 1024
1730237440 1024
1730238464 1024
1730239488 1024
1730240512 1024
1730241536 1024
1730242560 1024
1730243584 1024
1730244608 1024
1730245632 1024
1730246656 1024
1730247680 1024
1730248704 1024
1730249728 1024
1730250752 1024
1730251776 1024
1730252800 1024
1730253824 1024
1730254848 1024
1730255872 1024
1730256896 1024
1730257920 1024
1730258944 1024
1730259968 1024
1730260992 1024
1730262016 1024
1730263040 1024
1730264064 1024
1730265088 1024
1730266112 1024
1730267136 1024
1730268160 1024
1730269184 1024
1730270208 1024
1730271232 1024
1730272256 1024
1730273280 1024
1730274304 1024
1730275328 1024
1730276352 1024
1730277376 1024
1730278400 1024
1730279424 1024
1730280448 1024
1730281472 1024
1730282496 1024
1730283520 1024
1730284544 1024
1730285568 1024
1730286592 1024
1730287616 1024
1730288640 1024
1730289664 1024
1730290688 1024
1730291712 1024
1730292736 1024
1730293760 1024
1730294784 1024
1730295808 1024
1730296832 1024
1730297856 1024
1730298880 1024
1730299904 1024
1730300928 1024
1730301952 1024
1730302976 1024
1730304000 1024
1730305024 1024
1730306048 1024
1730307072 1024
1730308096 1024
1730309120 1024
1730310144 1024
1730311168 1024
1730312192 1024
1730313216 1024
1730314240 1024
1730315264 1024
1730316288 1024
1730317312 1024
1730318336 1024
1730319360 1024
1730320384 1024
1730321408 1024
1730322432 1024
1730323456 1024
1730324480 1024
1730325504 1024
1730326528 1024
1730327552 1024
1730328576 1024
1730329600 1024
1730330624 1024
1730331648 1024
1730332672 1024
1730333696 1024
1730334720 1024
1730335744 1024
1730336768 1024
1730337792 1024
1730338816 1024
1730339840 1024
1730340864 1024
1730341888 1024
1730342912 1024
1730343936 1024
1730344960 1024
1730345984 1024
1730347008 1024
1730348032 1024
1730349056 1024
1730350080 1024
1730351104 1024
1730352128 1024
1730353152 1024
1730354176 1024
1730355200 1024
1730356224 1024
1730357248 1024
1730358272 1024
1730359296 1024
1730417664 1024
1730419712 1024
1730421760 1024
1730426880 1024
1730427904 1024
1730428928 1024
1730430976 1024
1730437120 1024
1730446336 1024
1730447360 1024
1730453504 1024
1730454528 1024
1730455552 1024
1730456576 1024
1730457600 1024
1730458624 1024
1730459648 1024
1730460672 1024
1730461696 1024
1730462720 1024
1730463744 1024
1730464768 1024
1730465792 1024
1730466816 1024
1730467840 1024
1730468864 1024
1730469888 1024
1730470912 1024
1730471936 1024
1730472960 1024
1730473984 1024
1730475008 1024
1730478080 1024
1730481152 1024
1730482176 1024
1730484224 1024
1730489344 1024
1730491392 1024
1730492416 1024
1730496512 1024
1730503680 1024
1730504704 1024
1730509824 1024
1730512896 1024
1730513920 1024
1730514944 1024
1730515968 1024
1730516992 1024
1730518016 1024
1730519040 1024
1730520064 1024
1730522112 1024
1730523136 1024
1730531328 1024
1730532352 1024
1730533376 1024
1730534400 1024
1730541568 1024
1730542592 1024
1730543616 1024
1730551808 1024
1730553856 1024
1730554880 1024
1730557952 1024
1730563072 1024
1730565120 1024
1730567168 1024
1730568192 1024
1730573312 1024
1730577408 1024
1730579456 1024
1730599936 1024
1730600960 1024
1730601984 1024
1730603008 1024
1730608128 1024
1730613248 1024
1730625536 1024
1730631680 1024
1730634752 1024
1730635776 1024
1730636800 1024
1730646016 1024
1730650112 1024
1730651136 1024
1730652160 1024
1730653184 1024
1730654208 1024
1730655232 1024
1730656256 1024
1730657280 1024
1730660352 1024
1730661376 1024
1730662400 1024
1730663424 1024
1730664448 1024
1730665472 1024
1730666496 1024
1730667520 1024
1730668544 1024
1730677760 1024
1730678784 1024
1730679808 1024
1730680832 1024
1730681856 1024
1730682880 1024
1730683904 1024
1730684928 1024
1730685952 1024
1730697216 1024
1730700288 1024
1730703360 1024
1730723840 1024
1730728960 1024
1730731008 1024
1730733056 1024
1730734080 1024
1730735104 1024
1730736128 1024
1730737152 1024
1730738176 1024
1730739200 1024
1730740224 1024
1730744320 1024
1730753536 1024
1730769920 1024
1742743552 1024
1742744576 1024
1742748672 1024
1742753792 1024
1742789632 1024
1742790656 1024
1742791680 1024
1742792704 1024
1742820352 1024
1742868480 1024
1742874624 1024
1742878720 1024
1742879744 1024
1742884864 1024
1742894080 1024
1742898176 1024
1742904320 1024
1742910464 1024
1742914560 1024
1742942208 1024
1742948352 1024
1742949376 1024
1742950400 1024
1742955520 1024
1742960640 1024
1742963712 1024
1742964736 1024
1742980096 1024
1742982144 1024
1742984192 1024
1742988288 1024
1742998528 1024
1743002624 1024
1743012864 1024
1743017984 1024
1743028224 1024
1743036416 1024
1743040512 1024
1743047680 1024
1743048704 1024
1743053824 1024
1743054848 1024
1743066112 1024
1743095808 1024
1743098880 1024
1743105024 1024
1743115264 1024
1743116288 1024
1743117312 1024
1743119360 1024
1743121408 1024
1743122432 1024
1743126528 1024
1743133696 1024
1743136768 1024
1743137792 1024
1743151104 1024
1743176704 1024
1743177728 1024
1743178752 1024
1743180800 1024
1743186944 1024
1743196160 1024
1743197184 1024
1743208448 1024
1743209472 1024
1743228928 1024
1743238144 1024
1743239168 1024
1743254528 1024
1743258624 1024
1743294464 1024
1743311872 1024
1743324160 1024
1743334400 1024
1743336448 1024
1743349760 1024
1743355904 1024
1743357952 1024
1743381504 1024
1743388672 1024
1743393792 1024
1743403008 1024
1743420416 1024
1743421440 1024
1743432704 1024
1743434752 1024
1743458304 1024
1743466496 1024
1743468544 1024
1743469568 1024
1743474688 1024
1743475712 1024
1743486976 1024
1743488000 1024
1743489024 1024
1743490048 1024
1743491072 1024
1743492096 1024
1743501312 1024
1743503360 1024
1743505408 1024
1743510528 1024
1743511552 1024
1743512576 1024
1743513600 1024
1743514624 1024
1743515648 1024
1743516672 1024
1743517696 1024
1743518720 1024
1743519744 1024
1743520768 1024
1743521792 1024
1743522816 1024
1743523840 1024
1743524864 1024
1743525888 1024
1743526912 1024
1743527936 1024
1743528960 1024
1743529984 1024
1743531008 1024
1743532032 1024
1743533056 1024
1743534080 1024
1743535104 1024
1743536128 1024
1743537152 1024
1743538176 1024
1743539200 1024
1743540224 1024
1743541248 1024
1743542272 1024
1743543296 1024
1743544320 1024
1743585280 1024
1743586304 1024
1743587328 1024
1743588352 1024
1743591424 1024
1743592448 1024
1743602688 1024
1743607808 1024
1743624192 1024
1743630336 1024
1743631360 1024
1743632384 1024
1743633408 1024
1743634432 1024
1743635456 1024
1743636480 1024
1743637504 1024
1743638528 1024
1743639552 1024
1743640576 1024
1743641600 1024
1743642624 1024
1743643648 1024
1743644672 1024
1743645696 1024
1743646720 1024
1743647744 1024
1743648768 1024
1743649792 1024
1743650816 1024
1743651840 1024
1743654912 1024
1743655936 1024
1743656960 1024
1743657984 1024
1743659008 1024
1743660032 1024
1743661056 1024
1743662080 1024
1743663104 1024
1743664128 1024
1743665152 1024
1743673344 1024
1743674368 1024
1743675392 1024
1743684608 1024
1743686656 1024
1743687680 1024
1743691776 1024
1743692800 1024
1743693824 1024
1743694848 1024
1743695872 1024
1743696896 1024
1743697920 1024
1743698944 1024
1743700992 1024
1743703040 1024
1743715328 1024
1743716352 1024
1743726592 1024
1743727616 1024
1743733760 1024
1743740928 1024
1743755264 1024
1743756288 1024
1743761408 1024
1743762432 1024
1743763456 1024
1743765504 1024
1743766528 1024
1743768576 1024
1743769600 1024
1743773696 1024
1743778816 1024
1743785984 1024
1743791104 1024
1743800320 1024
1743803392 1024
1743813632 1024
1743821824 1024
1743825920 1024
1743844352 1024
1743850496 1024
1743865856 1024
1743870976 1024
1743872000 1024
1743888384 1024
1743894528 1024
1743895552 1024
1743903744 1024
1743915008 1024
1743929344 1024
1743945728 1024
1743946752 1024
1743953920 1024
1743955968 1024
1743956992 1024
1743958016 1024
1743964160 1024
1743967232 1024
1743969280 1024
1743974400 1024
1743984640 1024
1744013312 1024
1744043008 1024
1744048128 1024
1744058880 512
1744059392 1024
1744060416 1024
1744061440 1024
1744062464 1024
1744063488 1024
1744064512 1024
1744065536 1024
1744086016 1024
1744103424 1024
1744108544 1024
1744115456 256
1744122880 1024
1744124928 1024
1744130048 1024
1744141312 1024
1744142336 1024
1744177152 1024
1744178176 1024
1744205824 1024
1744206848 1024
1744208896 1024
1744214016 1024
1744215040 1024
1744283648 1024
1744284672 1024
1744285696 1024
1744291840 1024
1744294912 1024
1744306176 512
1744322560 1024
1744331776 1024
1744337920 1024
1744345088 1024
1744349184 1024
1744355328 1024
1744360448 1024
1744363520 1024
1744364544 1024
1744374784 1024
1744385024 1024
1744404480 1024
1744406528 1024
1744408576 1024
1744413696 1024
1744414720 1024
1744415744 1024
1744416768 1024
1744419840 1024
1744420864 1024
1744434176 1024
1744436224 1024
1744445440 1024
1744463872 1024
1744468992 1024
1744483328 1024
1744486400 1024
1744492544 1024
1744494592 1024
1744497664 1024
1744500736 1024
1744501760 1024
1744510976 1024
1744524288 1024
1744527360 1024
1744534528 1024
1744535552 1024
1744543744 1024
1744555008 1024
1744563200 1024
1744564224 1024
1744575488 1024
1744577536 1024
1744584704 1024
1744594944 1024
1744612352 1024
1744620544 1024
1744621568 1024
1744627712 1024
1744631808 1024
1744634880 1024
1744649216 1024
1744686080 1024
1744690176 1024
1744691200 1024
1744693248 1024
1744701440 1024
1744704512 1024
1744715776 1024
1744716800 1024
1744717824 1024
1744718848 1024
1744728064 1024
1744737280 1024
1744744448 1024
1744747520 1024
1744749568 256
1744755712 1024
1744782336 1024
1744787456 1024
1744788480 1024
1744799744 1024
1744800768 1024
1744812032 1024
1744816128 1024
1744818176 1024
1744819200 1024
1744823296 1024
1778384896 256
1778385408 512
1778385920 1024
1778386944 2048
1778388992 4096
1778401280 16384
1778515968 131072
1778647040 262144
1778909184 131072
1779105792 65536
1779171328 262144
1779433472 1048576
1780482048 1048576
1781530624 131072
1781661696 65536
1781792768 262144
1782054912 524288
1783234560 65536
1783300096 65536
1783627776 1048576
1785462784 262144
1785724928 524288
1786249216 524288
1793064960 1048576
1845886976 131072
1846542336 262144
1848115200 262144
1848414208 4096
1848639488 65536
1848836096 65536
1848901632 131072
1849163776 524288
1849688064 131072
1850212352 131072
1850408960 32768
1850441728 8192
1850449920 8192
1850458112 16384
1850474496 8192
1850482688 8192
1850514432 1024
1850521600 1024
1850523648 16384
1850540032 32768
1850736640 524288
1851260928 262144
1851596800 8192
1851654144 131072
1851785216 2097152
1855455232 262144
1855717376 131072
1856315392 8192
1856372736 131072
1856815104 16384
1856831488 8192
1856839680 4096
1856847872 8192
1856856064 8192
1856880640 8192
1857028096 524288
1857552384 524288
1858076672 2097152
1860435968 262144
1860706304 8192
1860960256 131072
1861222400 1048576
1862270976 4194304
1866596352 65536
1866711040 4096
1866743808 8192
1866989568 524288
1867841536 65536
1868283904 8192
1869611008 131072
1869742080 131072
1869873152 131072
1870055424 2048
1870086144 16384
1870102528 8192
1870135296 262144
1870397440 65536
1870528512 131072
1870659584 2097152
1872756736 524288
1873412096 65536
1873543168 262144
1873805312 524288
1874460672 131072
1874853888 1048576
1875902464 262144
1876164608 262144
1876787200 32768
1876819968 65536
1876946944 1024
1876948992 1024
1876951040 262144
1877213184 262144
1877696512 8192
1877711872 1024
1877712896 8192
1879048192 4194304
1883242496 131072
1883373568 131072
1883832320 65536
1883897856 131072
1884291072 524288
1884815360 524288
1885339648 131072
1885470720 131072
1885601792 262144
1886224384 32768
1886322688 65536
1886388224 262144
1886650368 131072
1887043584 131072
1887174656 262144
1887436800 262144
1887698944 65536
1888038912 2048
1891631104 262144
1893728256 2097152
1895825408 524288
1896349696 131072
1896595456 8192
1896611840 262144
1896873984 131072
1897005056 65536
1897398272 262144
1897857024 65536
1898708992 262144
1898971136 262144
1899274240 8192
1899364352 131072
1899495424 131072
1899626496 65536
1899692032 32768
1899749376 1024
1899888640 131072
1900019712 2097152
1902116864 1048576
1903165440 524288
1903689728 524288
1904214016 131072
1904369664 4096
1904373760 2048
1904476160 262144
1904738304 524288
1908539392 131072
1908761600 1024
1908932608 131072
1909063680 65536
1909194752 262144
1909481472 8192
1909489664 32768
1909522432 65536
1909719040 16384
1909744640 1024
1909766144 2048
1909784576 32768
1909850112 131072
1910112256 131072
1910243328 262144
1910505472 1048576
1911554048 524288
1912078336 262144
1914437632 65536
1916141568 131072
1916534784 262144
1916796928 262144
1917059072 65536
1917796352 16384
1917845504 1048576
1918894080 524288
1919418368 262144
1919811584 4096
1919827968 16384
1919877120 8192
1919918080 8192
1919942656 262144
1920204800 131072
1920335872 65536
1920401408 32768
1920434176 16384
1920450560 2048
1920452608 1024
1920453632 1024
1920454656 4096
1920458752 8192
1921253376 65536
1921449984 65536
1921646592 131072
1921859584 2048
1921875968 16384
1925447680 131072
1925642240 2048
1926234112 262144
1926496256 131072
1926627328 65536
1926692864 65536
1926758400 524288
1927282688 1048576
1928331264 1048576
1930952704 262144
1931214848 131072
1931476992 262144
1932263424 131072
1932394496 65536
1932460032 65536
1932525568 1048576
1933918208 4096
1934884864 16384
1934934016 8192
1934999552 16384
1935933440 262144
1936195584 262144
1937244160 262144
1937510400 4096
1939079168 262144
1939341312 131072
1939472384 131072
1939603456 131072
1939734528 65536
1939800064 65536
1940275200 8192
1940389888 262144
1940652032 262144
1941176320 262144
1941831680 131072
1941962752 2097152
1944059904 1048576
1946159104 2048
1946163200 2048
1946222592 65536
1946288128 131072
1946419200 262144
1946681344 262144
1947009024 65536
1947205632 1048576
1949433856 4096
1949564928 262144
1949827072 131072
1949990912 4096
1950011392 4096
1950089216 262144
1950482432 32768
1950679040 65536
1950744576 32768
1951137792 131072
1951268864 131072
1951727616 65536
1952026624 4096
1952075776 4096
1952102400 2048
1952382976 65536
1953497088 262144
1953759232 131072
1954545664 4194304
1958739968 65536
1958809600 4096
1958813696 8192
1958850560 2048
1958871040 131072
1959002112 65536
1959133184 65536
1959198720 32768
1959231488 8192
1959526400 131072
1959723008 65536
1959788544 262144
1960091648 4096
1960132608 16384
1960148992 32768
1960189952 8192
1960198144 4096
1960214528 32768
1960247296 65536
1960312832 262144
1960837120 1048576
1962016768 131072
1962147840 131072
1962278912 131072
1962409984 131072
1962622976 16384
1962672128 131072
1962835968 32768
1962901504 32768
1963458560 524288
1964310528 65536
1964376064 131072
1964507136 524288
1965031424 524288
1965555712 262144
1965817856 131072
1966080000 262144
1966419968 4096
1966452736 4096
1966669824 65536
1966735360 32768
1966800896 65536
1966866432 262144
1967128576 524288
1967652864 131072
1967800320 4096
1967804416 4096
1967816704 32768
1967849472 65536
1967915008 262144
1968177152 1048576
1969487872 131072
1969688576 4096
1969694720 2048
1969702912 2048
1969717248 4096
1969793024 2048
1969881088 131072
1970274304 524288
1970814976 16384
1970831360 32768
1970864128 32768
1970896896 16384
1970913280 2048
1970962432 32768
1971060736 262144
1971322880 4194304
1981284352 131072
1981415424 65536
1981546496 131072
1981677568 65536
1981743104 65536
1983905792 131072
1984036864 65536
1984131072 4096
1984430080 524288
1984954368 131072
1985216512 131072
1985486848 8192
1985495040 16384
1985511424 32768
1985544192 65536
1985736704 4096
1986400256 4096
1986404352 2048
1987051520 524288
1987575808 262144
1987837952 131072
1987969024 65536
1988067328 8192
1988362240 262144
1989148672 262144
1991376896 65536
1991507968 262144
1991770112 65536
1991901184 131072
1992032256 65536
1992163328 131072
1992294400 131072
1992425472 32768
1992458240 32768
1992491008 32768
1992523776 32768
1992556544 262144
1992949760 131072
1993080832 262144
1993605120 65536
1993670656 65536
1994391552 262144
1994653696 131072
1994784768 65536
1995374592 65536
1995571200 65536
1995702272 262144
1995964416 524288
1996488704 131072
1996619776 8192
1996652544 32768
1996685312 65536
1996750848 262144
1997012992 65536
1997144064 32768
1997506560 2048
1997537280 65536
1997717504 4096
1997721600 2048
1997725696 4096
1997729792 4096
1997733888 65536
1997799424 262144
1998274560 16384
1998290944 8192
1998299136 8192
1998307328 16384
1998323712 131072
1998467072 4096
1998569472 8192
1998585856 262144
1998848000 65536
1998913536 32768
1998946304 16384
1998962688 16384
1998979072 32768
1999011840 16384
1999028224 4096
1999032320 4096
1999036416 8192
1999044608 65536
1999110144 16384
1999126528 4096
1999142912 32768
1999175680 65536
1999241216 8192
1999273984 2048
1999276032 2048
1999298560 8192
1999372288 131072
1999634432 524288
2000224256 65536
2000289792 65536
2000388096 32768
2000420864 65536
2000486400 65536
2000551936 65536
2000625664 8192
2001457152 4096
2001600512 131072
2001731584 65536
2001915904 4096
2001993728 262144
2002255872 262144
2002780160 524288
2003566592 131072
2003828736 524288
2004353024 524288
2004877312 1048576
2005925888 262144
2006228992 4096
2006233088 4096
2006433792 16384
2007025664 2048
2007072768 32768
2007105536 131072
2007236608 262144
2008023040 1048576
2011693056 131072
2011922432 16384
2012741632 262144
2013028352 2048
2013065216 4096
2013069312 65536
2013134848 131072
2013265920 1048576
2014838784 262144
2015232000 65536
2015297536 65536
2015363072 524288
2015887360 262144
2016149504 262144
2016411648 131072
2016673792 65536
2016739328 65536
2016804864 131072
2017460224 262144
2017722368 262144
2017992704 8192
2018017280 32768
2018246656 262144
2018508800 524288
2019035136 2048
2019164160 131072
2019295232 65536
2019426304 65536
2019491840 65536
2021654528 262144
2021916672 32768
2021949440 32768
2021982208 65536
2022047744 131072
2022211584 16384
2022244352 32768
2022670336 8192
2025848832 4194304
2030045184 2048
2030047232 4096
2030305280 131072
2030567424 524288
2031091712 524288
2031616000 262144
2031878144 131072
2032009216 65536
2032074752 65536
2032140288 262144
2032402432 65536
2032467968 65536
2032533504 131072
2032664576 262144
2033057792 16384
2033090560 32768
2033123328 65536
2033188864 131072
2033321984 2048
2033385472 65536
2033491968 8192
2033504256 4096
2033508352 8192
2033627136 2048
2033647616 16384
2033713152 131072
2033844224 32768
2033879040 2048
2033881088 4096
2033885184 2048
2033909760 65536
2033975296 262144
2034499584 262144
2035023872 131072
2035253248 16384
2035875840 65536
2036629504 32768
2036662272 16384
2036715520 4096
2042626048 65536
2042691584 65536
2042757120 131072
2042888192 262144
2043199488 2048
2043215872 65536
2043412480 262144
2044723200 1048576
2046296064 262144
2046754816 65536
2046836736 16384
2046853120 32768
2047082496 262144
2047344640 65536
2047410176 65536
2047475712 32768
2047508480 32768
2047541248 32768
2047606784 65536
2047672320 65536
2047737856 65536
2049966080 65536
2050031616 16384
2050162688 65536
2051014656 2097152
2053111808 131072
2053505024 4096
2053521408 4096
2053525504 4096
2054160384 262144
2054619136 65536
2055239680 2048
2055733248 524288
2056290304 32768
2056830976 16384
2057043968 262144
2059141120 262144
2059403264 262144
2059796480 65536
2059943936 16384
2060005376 4096
2060189696 262144
2061500416 1048576
2062548992 524288
2063079424 2048
2063085568 4096
2063548416 2048
2063630336 16384
2063859712 262144
2064121856 524288
2066841600 32768
2066915328 8192
2067005440 262144
2067267584 131072
2067398656 65536
2067464192 65536
2067529728 65536
2067595264 65536
2067660800 65536
2067791872 2097152
2069889024 131072
2070020096 32768
2070118400 32768
2070151168 8192
2070216704 65536
2070347776 32768
2070708224 4096
2070728704 4096
2070937600 1048576
2071986176 524288
2072530944 4096
2072576000 65536
2072641536 131072
2073034752 262144
2073296896 65536
2073362432 65536
2073427968 131072
2073559040 524288
2074083328 262144
2074345472 262144
2074607616 262144
2074869760 131072
2075000832 131072
2075147264 1024
2075152384 4096
2075197440 65536
2075262976 131072
2075394048 262144
2075656192 262144
2075918336 262144
2076442624 131072
2076672000 32768
2077097984 131072
2078801920 262144
2079457280 32768
2079588352 262144
2079916032 65536
2080178176 65536
2080784384 16384
2081292288 131072
2081423360 131072
2081685504 65536
2081751040 4096
2081755136 4096
2081759232 8192
2081767424 16384
2081783808 32768
2081816576 131072
2082258944 16384
2082275328 32768
2082406400 65536
2083024896 4096
2083028992 16384
2083045376 8192
2083127296 32768
2083160064 32768
2083454976 16384
2084569088 131072
2084700160 32768
2084765696 65536
2084831232 262144
2085093376 65536
2085158912 65536
2085224448 131072
2085355520 262144
2086141952 65536
2086207488 32768
2086240256 32768
2086273024 131072
2086404096 262144
2087454720 2048
2087462912 2048
2087542784 2048
2087714816 131072
2087845888 131072
2087976960 65536
2088042496 65536
2088108032 131072
2088632320 131072
2088763392 524288
2090041344 32768
2090270720 65536
2090336256 65536
2090598400 65536
2090860544 65536
2090926080 65536
2090991616 65536
2091057152 65536
2091122688 262144
2091646976 131072
2091778048 131072
2092957696 131072
2093219840 65536
2093481984 524288
2094792704 262144
2095054848 65536
2095120384 65536
2095185920 131072
2095316992 262144
2095579136 131072
2095710208 131072
2095841280 262144
2096103424 32768
2096136192 16384
2096234496 65536
2096349184 16384
2096627712 32768
2096693248 65536
2096758784 131072
2097020928 16384
2099232768 16384
2099249152 65536
2099314688 65536
2099380224 65536
2099445760 32768
2099478528 32768
2099511296 262144
2099773440 524288
2100985856 32768
2101182464 32768
2101215232 16384
2101346304 524288
2101870592 65536
2101936128 65536
2102001664 131072
2102132736 32768
2102165504 32768
2102198272 65536
2102263808 131072
2102394880 524288
2102919168 524288
2103443456 131072
2103574528 65536
2103967744 524288
2104492032 1048576
2108227584 65536
2108358656 65536
2110783488 16384
2110914560 65536
2110980096 65536
2111111168 32768
2111201280 8192
2111242240 16384
2111307776 131072
2111438848 65536
2111504384 65536
2111569920 131072
2111700992 131072
2113830912 16384
2113847296 16384
2332622848 65536
2340487168 65536
2341732352 65536
2342191104 65536
2342453248 65536
2343174144 65536
2343567360 65536
2344026112 65536
2344222720 65536
2344419328 65536
2344878080 262144
2345140224 524288
2345664512 524288
2346254336 65536
2346385408 65536
2346450944 131072
2346713088 65536
2346844160 131072
2353725440 65536
2358181888 65536
2362245120 65536
2362310656 131072
2362572800 65536
2363490304 65536
2364342272 65536
2364538880 65536
2364735488 65536
2364932096 65536
2365128704 65536
2365194240 65536
2365521920 65536
2415919104 65536
2416377856 65536
2416705536 65536
2419326976 65536
2423980032 65536
2432630784 65536
2516582400 65536
2524119040 65536
2524512256 65536
2524577792 65536
2525075456 1024
2525085696 1024
2525091840 1024
2525101056 1024
2525626368 131072
2531196928 65536
2532442112 1024
2532443136 1024
2532444160 1024
2532449280 1024
2532453376 1024
2532454400 1024
2532455424 1024
2532456448 1024
2532461568 1024
2532462592 1024
2532465664 1024
2532466688 1024
2532470784 1024
2532471808 1024
2532472832 1024
2532481024 1024
2532482048 1024
2532483072 1024
2532484096 1024
2532485120 1024
2532489216 1024
2532490240 1024
2532491264 1024
2532496384 1024
2532499456 1024
2532501504 1024
2532502528 1024
2532503552 1024
2532504576 1024
2532505600 1024
2533294080 65536
2556985344 32768
2566914048 65536
2567110656 65536
2569142272 131072
2569273344 131072
2573402112 65536
2573533184 65536
2574647296 131072
2634022912 65536
2635202560 65536
2638020608 65536
2642018304 65536
2643722240 65536
2644246528 65536
2650734592 65536
2682388480 65536
2714697728 65536
2724790272 65536
2734686208 65536
2737767424 1024
2738159616 1024
2738160640 1024
2738161664 1024
2738162688 1024
2738168832 1024
2738169856 1024
2738170880 1024
2738171904 1024
2738172928 1024
2738173952 1024
2738174976 1024
2738176000 1024
2738182144 1024
2738183168 1024
2738184192 1024
2738185216 1024
2738186240 1024
2738187264 1024
2738188288 1024
2738189312 1024
2738190336 1024
2738191360 1024
2738192384 1024
2738193408 1024
2738194432 1024
2738200576 1024
2738201600 1024
2738202624 1024
2738203648 1024
2738207744 1024
2738215936 1024
2738221056 1024
2742878208 65536
2743992320 65536
2746286080 65536
2746417152 65536
2748055552 65536
2792292352 65536
2810904576 65536
2814181376 65536
2829058048 65536
2869428224 524288
2871132160 131072
2871263232 262144
2871525376 524288
2874146816 262144
2874408960 262144
2874671104 524288
2875719680 524288
2876243968 262144
2876506112 262144
2876768256 524288
2882535424 1048576
2936012800 1048576
2937061376 524288
2937585664 262144
2937978880 131072
2938765312 131072
2938896384 65536
2939027456 131072
2939158528 1048576
2940207104 2097152
2942697472 65536
2942992384 32768
2945581056 131072
2945712128 262144
2945974272 262144
2946498560 1048576
2947678208 65536
2948104192 16384
2948136960 65536
2948202496 131072
2948333568 262144
3024879616 65536
3024945152 65536
3025010688 131072
3025403904 131072
3025534976 65536
3025666048 262144
3026073600 2048
3026083840 4096
3026157568 32768
3026190336 2097152
3028385792 32768
3028418560 65536
3028811776 524288
3029602304 2048
3029637120 2048
3029653504 2048
3029655552 8192
3029696512 8192
3029770240 8192
3029860352 524288
3030384640 1048576
3031613440 16384
3031957504 262144
3032219648 32768
3032323072 1024
3033070592 1024
3033071616 65536
3033137152 131072
3033530368 131072
3033718784 8192
3033792512 131072
3034505216 8192
3034513408 65536
3035168768 16384
3035185152 8192
3035316224 8192
3054551040 8192
3054632960 32768
3055007744 2048
3055011840 2048
3055550464 1048576
3056623616 8192
3056664576 65536
3056730112 4096
3056758784 4096
3056795648 65536
3056992256 32768
3057451008 65536
3058696192 262144
3058958336 262144
3059220480 262144
3059482624 65536
3059744768 1048576
3060793344 1048576
3061841920 1048576
3062890496 524288
3063742464 65536
3063955456 8192
3064856576 131072
3066560512 524288
3068952576 32768
3069050880 65536
3069116416 8192
3069181952 524288
3070099456 65536
3070230528 4194304
3074424832 524288
3075388416 1024
3075585024 1024
3075735552 131072
3076227072 1024
3076229120 2048
3076231168 4096
3076259840 262144
3078619136 2097152
3080716288 524288
3081240576 131072
3081371648 65536
3081502720 262144
3082158080 8192
3082289152 524288
3082813440 4194304
3229391360 256
3233589760 256
3389023232 512
3389028864 512
3389042688 1024
3389227008 512
3389292544 8192
3389324288 1024
3389392384 512
3389407744 512
3389409280 512
3389413120 256
3389413376 512
3389414400 512
3389417216 256
3389418496 256
3389419008 512
3389420032 256
3389435904 4096
3389521920 256
3389522432 512
3389522944 512
3389524992 256
3389528064 256
3389541632 256
3389554688 8192
3389571072 4096
3389595648 256
3389596160 512
3389599744 512
3389600512 256
3389600768 512
3389601280 256
3389602048 256
3389602304 512
3389669376 4096
3389784320 256
3389784576 256
3389788416 256
3389788672 256
3389788928 256
3389802496 256
3389805568 512
3389808640 256
3389809152 512
3389811200 256
3389812480 256
3389813760 256
3389931520 512
3389932800 256
3389933824 256
3389934080 512
3389934592 256
3389935104 512
3389937664 256
3389939968 256
3389941760 512
3389942784 512
3389943552 256
3389944320 512
3389945344 512
3389946880 512
3389947648 256
3389948160 256
3389949696 256
3389949952 256
3389953280 256
3389953792 256
3389955328 256
3389955584 512
3389958400 256
3389958656 512
3389960192 256
3389962240 512
3389968384 512
3389969664 256
3389971200 256
3389971456 256
3389971968 512
3389972736 256
3389972992 512
3389974272 256
3389975296 256
3389975552 512
3389976064 256
3389976320 256
3389978112 256
3389979392 256
3390325248 256
3390328576 256
3390330624 256
3390330880 512
3390331392 256
3390332416 512
3390337536 256
3390338304 256
3390339072 256
3390340352 256
3390340864 256
3390407424 256
3390407680 256
3390409984 256
3390410240 256
3390411520 256
3390411776 256
3390412288 512
3390412800 512
3390413312 256
3390413824 256
3390502912 1024
3390503936 1024
3390801920 512
3391488000 512
3391488512 512
3391490048 2048
3391500288 4096
3391504384 8192
3391512576 8192
3391520768 512
3391521280 512
3391521792 512
3391522304 256
3391522560 256
3391522816 512
3391523328 256
3391523840 512
3391524352 512
3391525376 512
3391526144 256
3391526400 512
3391526912 512
3391527424 512
3391527936 256
3391528448 512
3391528960 512
3391529984 1024
3391531008 512
3391531520 256
3391531776 256
3391533056 512
3391535104 2048
3391537152 16384
3391620096 512
3391620864 256
3391622912 256
3391653632 256
3391653888 256
3391654912 256
3391655680 256
3391655936 512
3391657472 256
3391658752 256
3391659008 256
3391659520 512
3391660544 256
3391686656 512
3391687424 256
3391687680 512
3391717376 256
3391717888 512
3391723520 2048
3391733760 256
3391746048 4096
3391835136 1024
3391852544 4096
3391885312 4096
3391898368 256
3391900160 256
3391914240 256
3391915008 512
3391918592 512
3391946752 512
3391947264 256
3391950592 256
3391950848 4096
3392016384 512
3392016896 256
3392017408 512
3392020480 8192
3392045056 256
3392069632 4096
3392098816 512
3392110080 256
3392110592 256
3392111104 512
3392794624 4096
3392798720 256
3392864256 256
3392918528 1024
3392923648 512
3392924672 256
3392942080 2048
3392954368 2048
3392958464 4096
3392963584 1024
3392964608 2048
3392966656 4096
3393089536 1024
3393124352 1024
3393125376 256
3393126144 256
3393147136 256
3393147392 512
3393147904 1024
3393148928 2048
3393167360 8192
3393189888 1024
3393257472 2048
3393259520 512
3393388544 1024
3393520640 1024
3393523712 4096
3393585152 8192
3393609728 4096
3393634304 4096
3393726464 2048
3393736704 4096
3393814528 1024
3393849344 2048
3393867776 4096
3393912320 512
3393966080 4096
3393977344 1024
3394042880 1024
3394064384 2048
3394067456 1024
3394111488 2048
3394232320 2048
3394238464 1024
3394289664 2048
3394291712 2048
3394306048 1024
3394501632 1024
3394502656 1024
3394503680 1024
3394504704 2048
3394506752 512
3394508800 2048
3394621440 4096
3394697472 256
3394698240 1024
3394719744 4096
3394832384 2048
3394895872 1024
3394924544 4096
3394946048 256
3394953216 4096
3394961408 1024
3394985984 4096
3394994176 1024
3395006464 4096
3395018752 8192
3395026944 1024
3395028992 2048
3395039232 4096
3395091456 1024
3395092480 1024
3395156992 1024
3395181568 1024
3395223552 1024
3395224576 1024
3395225600 2048
3395227648 4096
3395284992 2048
3395288064 1024
3395289088 16384
3395305472 2048
3395307520 2048
3395309568 4096
3395313664 2048
3395315712 2048
3395317760 4096
3395321856 2048
3395323904 2048
3395325952 4096
3395330048 2048
3395332096 2048
3395334144 4096
3395338240 2048
3395340288 2048
3395342336 4096
3395346432 2048
3395348480 2048
3395350528 4096
3395354624 2048
3395356672 2048
3395358720 4096
3395362816 8192
3395371008 8192
3395379200 4096
3395383296 4096
3395387392 16384
3395403776 8192
3395411968 2048
3395414016 2048
3395416064 4096
3395420160 2048
3395422208 2048
3395424256 4096
3395428352 2048
3395430400 2048
3395432448 4096
3395436544 8192
3395444736 2048
3395446784 2048
3395448832 4096
3395452928 8192
3395461120 2048
3395463168 2048
3395465216 4096
3395469312 2048
3395471360 2048
3395473408 4096
3395477504 2048
3395479552 2048
3395481600 4096
3395485696 16384
3395502080 8192
3395510272 2048
3395512320 2048
3395514368 4096
3395518464 8192
3395526656 2048
3395528704 2048
3395530752 4096
3395534848 2048
3395536896 2048
3395538944 4096
3395543040 2048
3395545088 2048
3395547136 4096
3395551232 2048
3395553280 2048
3395555328 4096
3395559424 8192
3395567616 2048
3395569664 2048
3395571712 4096
3395575808 2048
3395577856 2048
3395579904 4096
3395584000 2048
3395586048 2048
3395588096 4096
3395592192 2048
3395594240 2048
3395596288 4096
3395600384 2048
3395602432 2048
3395604480 4096
3395608576 8192
3395616768 16384
3395633152 8192
3395641344 8192
3395649536 16384
3395665920 8192
3395674112 2048
3395676160 2048
3395678208 4096
3395682304 8192
3395690496 8192
3395698688 16384
3395715072 2048
3395717120 2048
3395719168 4096
3395723264 8192
3395731456 2048
3395733504 2048
3395735552 4096
3395739648 2048
3395741696 2048
3395743744 4096
3395747840 2048
3395749888 2048
3395751936 4096
3395756032 8192
3395764224 8192
3395772416 2048
3395774464 2048
3395776512 4096
3395780608 16384
3395796992 8192
3395805184 2048
3395807232 2048
3395809280 4096
3395813376 131072
3395944448 65536
3396009984 32768
3396042752 32768
3396075520 65536
3396141056 65536
3396206592 16384
3396222976 16384
3396239360 16384
3396255744 16384
3396272128 32768
3396304896 8192
3396313088 8192
3396321280 16384
3396337664 65536
3396403200 4096
3396407296 4096
3396411392 8192
3396419584 16384
3396435968 16384
3396452352 8192
3396460544 4096
3396464640 4096
3396468736 8192
3396476928 8192
3396485120 16384
3396501504 32768
3396534272 8192
3396542464 8192
3396550656 16384
3396567040 32768
3396599808 8192
3396608000 4096
3396612096 4096
3396616192 8192
3396624384 8192
3396632576 32768
3396665344 16384
3396681728 16384
3396698112 32768
3396730880 8192
3396739072 8192
3396747264 16384
3396763648 32768
3396796416 8192
3396804608 8192
3396812800 4096
3396816896 4096
3396820992 8192
3396829184 32768
3396861952 16384
3396878336 16384
3396894720 32768
3396927488 65536
3396993024 2048
3397001216 2048
3397009408 8192
3397021696 2048
3397023744 2048
3397025792 256
3397026816 256
3397083136 4096
3397128192 2048
3397130240 1024
3397218304 4096
3397234688 4096
3397320704 512
3397321216 256
3397321472 256
3397321728 256
3397321984 256
3397322240 512
3397323776 1024
3397324800 4096
3397330944 2048
3397332992 4096
3397349376 4096
3397353472 4096
3397357568 4096
3397361664 2048
3397369856 512
3397370368 512
3397370880 1024
3397371904 2048
3397373952 256
3397374208 256
3397374976 1024
3397376000 2048
3397378048 8192
3397517312 8192
3397574656 8192
3397586944 2048
3397595136 4096
3397636096 4096
3397722112 4096
3397794304 256
3397812224 4096
3397922816 4096
3397963776 4096
3397967872 4096
3398035200 256
3398279168 8192
3398307840 4096
3398370304 1024
3398373376 4096
3398377472 4096
3398383616 2048
3398606848 4096
3398614016 1024
3398616064 1024
3398617088 2048
3398668288 4096
3398705152 4096
3398713344 8192
3398721536 8192
3398770688 8192
3398803456 8192
3398819840 8192
3398832128 4096
3398836224 4096
3398842368 1024
3398877184 4096
3398885376 8192
3398893568 1024
3398926336 8192
3399004160 4096
3399024640 1024
3399036928 4096
3399335936 8192
3399393280 8192
3399528448 4096
3399631616 256
3399633664 256
3399745536 4096
3399770112 8192
3399835648 4096
3399856128 4096
3399864320 4096
3399872256 256
3399872512 512
3399873280 256
3399873792 256
3399875328 256
3399875584 1024
3399933952 8192
3400048640 4096
3400052736 4096
3400171520 8192
3400194048 2048
3400196096 8192
3400259584 2048
3400264448 256
3400269824 1024
3400335360 1024
3400337408 2048
3400392704 8192
3400417280 4096
3400589312 8192
3400790016 4096
3400826880 8192
3400847360 2048
3400888320 4096
3400933376 4096
3400974336 8192
3401383936 16384
3401404416 4096
3401431040 2048
3401515008 256
3401532416 1024
3401533440 2048
3401535488 4096
3401580544 524288
3402104832 262144
3402366976 262144
3405775872 1024
3405777408 512
3405779456 256
3405780992 256
3405785600 512
3405786368 256
3405786624 512
3405795584 256
3405795840 512
3405797888 512
3405799424 512
3405801472 2048
3405804032 512
3405806080 256
3405807616 256
3405808128 512
3405808640 1024
3405809920 256
3405811200 256
3405811712 256
3405812224 256
3405812736 256
3405813248 512
3405813760 256
3405820160 256
3405832192 256
3405841408 1024
3405844992 256
3405847040 512
3405857024 256
3405857280 512
3405858304 512
3405859840 512
3405863424 256
3405865216 256
3405865472 512
3405865984 1024
3405868032 256
3405905152 256
3405905408 256
3405922304 2048
3405924608 256
3405934592 2048
3405938176 512
3405941760 256
3405944320 256
3405944832 1024
3405945856 512
3405946880 2048
3405952000 512
3405956096 512
3405959424 256
3405960704 512
3405963776 512
3405964544 256
3405966336 512
3405988864 256
3405989888 512
3405990656 256
3405991936 2048
3405996032 1024
3405998336 256
3406000128 2048
3406002176 256
3406002944 256
3406006016 256
3406007040 256
3406008064 256
3406070784 512
3406071296 256
3406075648 256
3406075904 1024
3406081536 512
3406083072 256
3406084608 256
3406089472 256
3406090240 1024
3406095104 256
3406095872 512
3406103552 512
3406104320 256
3406104576 512
3406105344 256
3406107904 256
3406108160 256
3406113792 256
3406114304 512
3406115840 1024
3406116864 512
3406117888 512
3406131712 512
3406132736 256
3406133248 256
3406146560 256
3406148608 512
3406149120 256
3406149888 256
3406150144 256
3406150656 512
3406151168 256
3406152448 256
3406157312 512
3406158336 512
3406201600 256
3406202880 256
3406203392 512
3406204416 256
3406206464 512
3406208256 256
3406208768 256
3406225408 4096
3406231552 512
3406266624 256
3406268928 512
3406271232 256
3406272000 512
3406274048 256
3406282752 512
3406284800 256
3406299136 256
3406301184 256
3406305024 256
3406305280 2048
3406317056 256
3406320128 256
3406321152 512
3406322432 256
3406327296 512
3406328576 256
3406341632 512
3406342400 256
3406343424 256
3406346240 256
3406346752 512
3406347776 512
3406348288 256
3406349568 256
3406349824 512
3406351104 256
3406352640 256
3406352896 512
3406353408 1024
3406354688 256
3406355456 256
3406372864 256
3406373888 512
3406379264 256
3406380800 256
3406381312 256
3406382592 512
3406383104 256
3406383872 256
3406384128 512
3406389248 1024
3406390272 512
3406392320 256
3406405120 256
3406438912 256
3406444544 256
3406449152 512
3406451712 1024
3406452736 256
3406454528 256
3406462208 256
3406513664 256
3406515200 1024
3406516736 256
3406517248 1024
3406521344 1024
3406523648 256
3406525696 256
3406526976 256
3406528000 256
3406530560 1024
3406531840 256
3406532096 512
3406541824 1024
3406548992 1024
3406565376 256
3406566144 256
3406567424 256
3406575872 256
3406577920 256
3406578176 256
3406579200 512
3406583552 256
3406583808 2048
3406586880 512
3406587648 256
3406590464 256
3406591488 256
3406594560 256
3406596352 256
3406611456 1024
3406612480 2048
3406615296 256
3406617344 256
3406619136 256
3406622720 1024
3406631424 256
3406632960 256
3406638080 512
3406647296 2048
3406649344 512
3406650368 1024
3406671104 256
3406684160 512
3406684928 256
3406686464 256
3406698496 1024
3406700800 256
3406706688 256
3406707968 256
3406708224 256
3406718976 256
3406721536 512
3406722560 256
3406733824 256
3406739456 2048
3406741504 256
3406742016 512
3406747136 256
3406751488 256
3406755328 256
3406757888 4096
3406763008 512
3406763520 256
3406780160 256
3406780416 512
3406784768 256
3406786560 2048
3406791168 512
3406796032 256
3406796544 256
3406797824 1024
3406802432 256
3406816000 256
3406817280 2048
3406819328 512
3406820864 256
3406825984 256
3406826496 512
3406827520 2048
3406830336 256
3406833152 256
3406835968 256
3406836224 512
3406838272 256
3406857472 256
3406864640 256
3406864896 256
3406871040 512
3406881792 256
3406884352 256
3406884864 256
3406886144 256
3406889472 256
3406893568 256
3406896128 256
3406898944 256
3406903296 256
3406907904 512
3406911488 512
3406923776 256
3406930944 256
3406936832 256
3406937600 512
3406948096 256
3406948608 256
3406952448 256
3406954240 256
3406955008 512
3406955520 256
3406956288 256
3406962432 256
3406963968 256
3406966784 512
3406967296 256
3406967808 256
3406972928 1024
3406974976 512
3406976768 256
3406980096 512
3406981376 256
3406981888 256
3406982656 256
3406987520 256
3406988032 256
3406988288 512
3406991360 256
3406993664 256
3407005440 256
3407007744 256
3407008512 256
3407009536 256
3407024640 256
3407026176 256
3407027712 256
3407028224 2048
3407030528 256
3407031296 512
3407031808 256
3407034880 256
3407035392 512
3407036416 256
3407037440 256
3407038464 256
3407045888 256
3407048448 256
3407053568 256
3407054080 256
3407056896 256
3407058176 256
3407059968 256
3407065088 256
3407065600 512
3407073280 256
3407078400 1024
3407079680 256
3407081984 256
3407083520 512
3407085312 256
3407089920 256
3407095808 512
3407097856 256
3407101184 256
3407102208 256
3407107072 512
3407108352 256
3407112704 512
3407115008 256
3407115520 256
3407115776 512
3407116800 256
3407117824 512
3407120128 256
3407120384 2048
3407123968 256
3407144448 256
3407144960 256
3407145984 256
3407151104 512
3407151616 256
3407153152 256
3407153664 256
3407155712 256
3407159552 256
3407159808 256
3407161600 256
3407162368 256
3407168512 256
3407172096 256
3407175680 1024
3407182848 256
3407185920 512
3407188224 256
3407203840 256
3407222784 256
3407223808 512
3407224576 256
3407234048 256
3407236096 256
3407236608 256
3407238144 256
3407238912 256
3407240192 1024
3407241984 256
3407243776 256
3407247872 512
3407250176 256
3407258368 256
3407259136 256
3407260160 256
3407261696 2048
3407266304 256
3407278592 512
3407279360 256
3407279616 256
3407281152 512
3407282176 256
3407294208 256
3407297792 256
3407298048 512
3407300864 256
3407303936 256
3407305728 1024
3407307264 256
3407309568 256
3407310848 256
3407315456 256
3407318016 512
3407326208 256
3407328768 256
3407329792 512
3407331328 256
3407332608 256
3407332864 256
3407334400 1024
3407339520 256
3407340032 512
3407340544 1024
3407345920 256
3407346432 256
3407351040 256
3407352320 256
3407354624 256
3407358720 256
3407362048 256
3407362560 256
3407364864 256
3407366656 256
3407367936 256
3407368192 512
3407369216 512
3407369728 256
3407370752 256
3407376128 256
3407376384 256
3407377408 256
3407378944 512
3407384832 256
3407386624 512
3407387904 256
3407388928 256
3407390464 256
3407395328 512
3407398656 256
3407399424 256
3407401984 512
3407403264 256
3407403776 256
3407410176 256
3407418112 256
3407418368 512
3407425024 256
3407425536 2048
3407429632 512
3407436544 256
3407438592 256
3407438848 256
3407440384 256
3407446784 256
3407447808 256
3407448576 256
3407450880 256
3407452416 256
3407452672 512
3407455232 256
3407455744 256
3407457792 512
3407459328 256
3407459840 256
3407462144 256
3407464192 256
3407464448 256
3407464960 512
3407466496 4096
3407471872 256
3407473408 256
3407473664 256
3407475200 256
3407481856 256
3407487488 256
3407491328 256
3407491584 256
3407492864 256
3407493120 512
3407494144 256
3407495424 256
3407496192 256
3407498240 256
3407499264 256
3407500288 256
3407503616 256
3407504896 512
3407508224 256
3407508480 256
3407511808 256
3407515392 256
3407515648 256
3407516672 512
3407518208 256
3407519232 512
3407522304 256
3407523072 256
3407523840 256
3407526144 256
3407530496 512
3407532544 256
3407533568 256
3407535616 256
3407536128 256
3407537152 256
3407538176 256
3407544320 256
3407546880 256
3407548160 256
3407548416 256
3407549440 256
3407549952 512
3407554560 256
3407555840 256
3407557888 256
3407560960 256
3407561216 256
3407565056 256
3407566848 256
3407570432 256
3407572224 256
3407574272 256
3407575296 256
3407575552 512
3407576320 256
3407595520 256
3407596032 256
3407603968 256
3407606016 256
3407608320 256
3407612416 256
3407612928 256
3407618304 256
3407618560 512
3407620864 256
3407621120 256
3407623680 256
3407624192 256
3407628544 256
3407628800 256
3407629312 256
3407631872 256
3407632384 256
3407638528 256
3407643392 256
3407644672 256
3407645696 256
3407646976 256
3407652096 256
3407653120 256
3407653376 256
3407655424 512
3407657216 256
3407657728 256
3407660032 256
3407667712 512
3407671040 256
3407675904 256
3407677440 512
3407678720 256
3407678976 256
3407682560 256
3407687168 256
3407689984 256
3407691008 256
3407691520 256
3407693056 256
3407694080 256
3407696128 256
3407698432 256
3407699712 256
3407700992 256
3407701760 256
3407704064 256
3407706112 1024
3407721984 512
3407723264 256
3407723776 256
3407724032 256
3407727872 256
3407729152 256
3407730944 256
3407733504 256
3407734528 256
3407735040 256
3407735296 256
3407738880 256
3407740416 512
3407745024 512
3407747328 256
3407747840 256
3407748352 256
3407757824 256
3407761664 256
3407763200 256
3407769344 256
3407771904 256
3407772416 256
3407779840 256
3407780864 256
3407782400 256
3407785216 256
3407785728 256
3407788800 256
3407790592 256
3407796480 256
3407797248 256
3407797760 256
3407800320 512
3407801088 256
3407802368 512
3407803904 256
3407804928 512
3407817984 256
3407818240 256
3407819008 256
3407819520 256
3407820288 512
3407824128 256
3407824896 256
3407826944 256
3407828224 256
3407831296 256
3407833344 256
3407833600 256
3407834112 512
3407838208 256
3407847936 256
3407851008 256
3407851776 256
3407852800 256
3407854336 256
3407854848 256
3407858688 256
3407862784 256
3407863296 512
3407864064 256
3407865088 256
3407869952 512
3407871232 256
3407877120 256
3407884288 512
3407886336 256
3407887360 256
3407887872 256
3407889408 512
3407891456 256
3407892736 256
3407893504 512
3407896320 256
3407898112 256
3407898880 256
3407905280 256
3407906048 256
3407907840 256
3407910912 256
3407919616 512
3407921152 256
3407922176 256
3407923968 256
3407924224 512
3407926272 256
3407938560 256
3407939328 256
3407939584 2048
3407942912 256
3407944192 256
3407945728 256
3407953664 256
3407953920 256
3407954688 256
3407954944 256
3407956224 256
3407957760 256
3407963136 256
3407968768 256
3407970560 256
3407971072 256
3407974656 256
3407977472 256
3407977984 512
3407982080 256
3407984896 256
3407988736 256
3407989248 512
3407989760 256
3407990272 512
3407992320 512
3407994880 512
3407995392 256
3407997184 256
3407999744 256
3408001536 256
3408004096 256
3408008448 256
3408009984 256
3408013056 256
3408015360 512
3408016896 256
3408017408 512
3408020224 256
3408020736 256
3408022528 256
3408026624 256
3408030208 256
3408032000 256
3408040704 256
3408041472 256
3408041984 512
3408044288 256
3408044544 256
3408050944 256
3408052224 2048
3408055296 1024
3408062464 256
3408064512 256
3408065024 256
3408065792 256
3408067328 256
3409379840 512
3409380352 256
3409381888 256
3409382656 256
3409384960 256
3409387008 256
3409403136 256
3409405184 256
3409407232 256
3409407488 256
3409409024 512
3409409792 256
3409412096 512
3409416704 512
3409428480 256
3409429504 256
3409435136 512
3409435904 256
3409436672 256
3409445120 256
3409445888 256
3409447936 256
3409451008 256
3409454592 256
3409455104 256
3409456640 256
3409457152 2048
3409462272 512
3409465856 512
3409466368 512
3409469184 256
3409473024 256
3409475840 256
3409486080 256
3409488128 256
3409488896 512
3409489664 256
3409491712 256
3409492224 256
3409492736 256
3409494016 256
3409495552 256
3409496320 256
3409498112 512
3409498624 256
3409499648 256
3409500160 256
3409502976 256
3409503232 256
3409504256 256
3409506304 256
3409509376 256
3409509888 256
3409511680 256
3409511936 256
3409513472 512
3409517568 256
3409520384 256
3409522176 256
3409525248 256
3409526016 256
3409527296 256
3409528064 256
3409528320 512
3409529088 256
3409533440 256
3409536256 256
3409538304 256
3409541888 256
3409550592 256
3409561600 256
3409562112 256
3409563136 256
3409567232 256
3409567744 4096
3409573376 512
3409574144 256
3409575168 256
3409575424 512
3409838592 256
3409871616 256
3409873664 256
3409879296 256
3409888512 256
3409896448 1024
3409897984 256
3409901056 256
3410796544 1024
3410798592 1024
3410867200 1024
3410898944 4096
3410952192 4096
3410960384 4096
3411018752 512
3411025920 4096
3411032320 256
3411051520 1024
3411052544 2048
3411054592 4096
3411083264 2048
3411087360 4096
3411148800 512
3411152896 2048
3411214336 1024
3411228672 2048
3411271680 4096
3411410944 8192
3411419136 8192
3411427328 4096
3411431424 4096
3411435520 8192
3411475968 512
3411550208 8192
3411591168 8192
3411607552 1024
3411609600 2048
3411642368 1024
3411673088 1024
3411675136 1024
3411705856 8192
3411714048 8192
3411722240 8192
3411746816 8192
3411763200 4096
3411769344 2048
3411804160 1024
3411845120 8192
3411869696 1024
3411870720 1024
3411871744 256
3411872000 256
3411872256 512
3411872768 1024
3411873792 4096
3411877888 8192
3411886080 16384
3411902464 2048
3411904512 1024
3411905536 256
3411905792 256
3411906048 512
3411906560 4096
3411910656 8192
3411918848 16384
3411935232 1024
3411936256 1024
3411937280 2048
3411939328 4096
3412000768 2048
3412025344 4096
3412029440 4096
3412033536 16384
3412058112 8192
3412264960 2048
3412267008 4096
3412283392 4096
3412336640 4096
3412340736 2048
3412344576 256
3412348928 4096
3412353024 8192
3412377600 4096
3412598784 4096
3412680704 8192
3412688896 8192
3412787200 32768
3413024768 8192
3413037056 4096
3413043200 512
3413043712 256
3413308416 1024
3413557248 8192
3413569792 256
3413571584 1024
3413579776 2048
3413581824 1024
3413594112 1024
3413595392 256
3413602560 256
3413602816 512
3413603328 1024
3413604352 2048
3413606400 32768
3414171648 8192
3414188032 8192
3414220800 2048
3414231040 2048
3414302720 8192
3414433792 8192
3414618112 2048
3414646784 4096
3414650880 4096
3414663168 4096
3415138304 8192
3415236608 8192
3415277568 8192
3415474176 16384
3415490560 4096
3415494656 1024
3415496192 512
3415563264 1024
3415752704 8192
3415769088 8192
3415801856 1024
3416047616 16384
3416133632 2048
3416287232 2048
3416293632 256
3416309760 8192
3416326144 1024
3416372224 256
3416375296 8192
3416694784 8192
3416784896 8192
3416930816 512
3416981504 1024
3417038848 4096
3417179136 256
3417179904 256
3417202688 8192
3417276416 8192
3417292800 16384
3417309184 16384
3417325568 8192
3417352192 2048
3417853952 4096
3418071040 8192
3418161152 512
3418162688 512
3418189824 1024
3418210304 8192
3418251264 4096
3418290432 256
3418292224 512
3418296320 4096
3418308608 16384
3418329088 2048
3418331136 2048
3418357760 8192
3418480640 8192
3418519552 2048
3418570752 8192
3418583040 2048
3418587136 32768
3418619904 2048
3418621952 2048
3419073536 1024
3419226112 8192
3419242496 32768
3419357184 16384
3419373568 32768
3419406336 4096
3419410432 1024
3419414528 8192
3419529216 8192
3419668480 4096
3419688960 4096
3419924480 2048
3420372992 4096
3420389376 4096
3420393472 2048
3523346432 4096
3523350528 4096
3523543040 8192
3523557376 2048
3523575808 4096
3523579904 4096
3524001792 16384
3524018176 16384
3524034560 16384
3524050944 16384
3524067328 16384
3524083712 16384
3524100096 32768
3524149248 8192
3524161536 4096
3524165632 8192
3524173824 8192
3524182016 8192
3524190208 8192
3524198400 8192
3524206592 8192
3524214784 8192
3524222976 8192
3524231168 16384
3524296704 16384
3524591616 32768
3524624384 32768
3524657152 65536
3524730880 8192
3524853760 65536
3524919296 131072
3525050368 262144
3525312512 262144
3525574656 262144
3525836800 524288
3526395904 2048
3526557696 65536
3526623232 16384
3526639616 16384
3526656000 32768
3526688768 32768
3526721536 32768
3526934528 8192
3527933952 32768
3527966720 8192
3527974912 8192
3527983104 16384
3527999488 8192
3528007680 8192
3528015872 16384
3528032256 32768
3528065024 8192
3528073216 8192
3528081408 8192
3528089600 8192
3528097792 8192
3528105984 8192
3528114176 16384
3528130560 65536
3528196096 8192
3528204288 8192
3528212480 16384
3528228864 32768
3528261632 65536
3528327168 8192
3528335360 8192
3528343552 16384
3528359936 8192
3528368128 8192
3528376320 16384
3528409088 16384
3528450048 8192
3528589312 131072
3528949760 4096
3528953856 4096
3528957952 8192
3535388672 16384
3535822848 8192
3544186880 262144
3544449024 131072
3544580096 131072
3545235456 65536
3545300992 65536
3545366528 65536
3545432064 65536
3545497600 131072
3545628672 131072
3545759744 65536
3545825280 65536
3545890816 131072
3546021888 131072
3546152960 131072
3546284032 131072
3546415104 65536
3546480640 16384
3546497024 8192
3546505216 8192
3546513408 32768
3546546176 65536
3546611712 16384
3546628096 16384
3546644480 32768
3546677248 65536
3546742784 32768
3546775552 32768
3548905472 262144
3549167616 131072
3549298688 32768
3549331456 32768
3549364224 65536
3549429760 131072
3549560832 65536
3549626368 65536
3549691904 262144
3549954048 131072
3550085120 65536
3550150656 16384
3550167040 8192
3550175232 8192
3550183424 32768
3550216192 262144
3550478336 262144
3550740480 262144
3657433088 65536
3657498624 65536
3657564160 131072
3657695232 131072
3657826304 65536
3657891840 65536
3657957376 131072
3658088448 65536
3658153984 65536
3658219520 65536
3658285056 65536
3658350592 131072
3658481664 262144
3658743808 65536
3658809344 32768
3658842112 32768
3658874880 131072
3659005952 131072
3659137024 65536
3659202560 65536
3659268096 131072
3659399168 131072
3661103104 262144
3661365248 131072
3661496320 32768
3661529088 32768
3661561856 65536
3661627392 131072
3661758464 65536
3661824000 32768
3661856768 32768
3661889536 131072
3662020608 131072
3662151680 262144
3662413824 131072
3662544896 131072
3662675968 262144
3662938112 262144
3663200256 524288
3663724544 131072
3663855616 32768
3663888384 16384
3663904768 8192
3663912960 8192
3663921152 65536
3664009216 2048
3664011264 8192
3664019456 32768
3664248832 32768
3664281600 8192
3664289792 8192
3664297984 2048
3664300032 2048
3664302080 4096
3664306176 8192
3664314368 65536
3664379904 131072
3664510976 65536
3664576512 65536
3669606400 8192
3669618688 2048
3670016000 65536
3670081536 65536
3670147072 65536
3670212608 65536
3670278144 262144
3670540288 262144
3670802432 131072
3670933504 131072
3673161728 262144
3673423872 131072
3673554944 131072
3673751552 65536
3678928896 65536
3679584256 65536
3679682560 32768
3682598912 1048576
3683647488 262144
3683909632 65536
3683975168 32768
3684007936 16384
3684024320 16384
3684040704 8192
3684048896 8192
3684057088 8192
3684065280 4096
3684069376 4096
3684073472 32768
3684106240 8192
3684114432 8192
3684122624 16384
3684139008 32768
3684171776 131072
3684302848 131072
3684433920 131072
3684564992 32768
3684597760 32768
3684630528 16384
3684646912 16384
3684663296 32768
3688366080 131072
3688497152 131072
3688628224 65536
3688693760 65536
3688759296 131072
3688890368 131072
3689021440 65536
3689086976 65536
3689152512 131072
3689283584 131072
3689414656 262144
3689676800 131072
3689807872 131072
3690070016 131072
3690201088 262144
3697655808 16384
3698327552 262144
3700981760 32768
3701080064 131072
3701473280 2097152
3703570432 131072
3703701504 131072
3703832576 262144
3704094720 524288
3706126336 16384
3706159104 32768
3706208256 16384
3706322944 65536
3706847232 131072
3707209728 2048
3707240448 262144
3707502592 65536
3707764736 131072
3707895808 65536
3707961344 32768
3707994112 32768
3708026880 65536
3708092416 32768
3708125184 32768
3708157952 65536
3708223488 8192
3708231680 8192
3708239872 8192
3708248064 8192
3708256256 32768
3708289024 131072
3708420096 65536
3708485632 32768
3708518400 16384
3708534784 8192
3708542976 8192
3708551168 32768
3708583936 16384
3708616704 16384
3708633088 8192
3708641280 8192
3708649472 32768
3708682240 131072
3715760128 131072
3716186112 32768
3716218880 65536
3716284416 131072
3716538368 8192
3716677632 65536
3716743168 65536
3719036928 262144
3719299072 524288
3720347648 131072
3720478720 65536
3720544256 65536
3720609792 131072
3720740864 65536
3720806400 8192
3720814592 4096
3720818688 4096
3720822784 16384
3720839168 16384
3720855552 4096
3720863744 8192
3720871936 262144
3721134080 131072
3721265152 65536
3721330688 16384
3721347072 16384
3721363456 32768
3721396224 262144
3721658368 65536
3721723904 65536
3721789440 131072
3721920512 524288
3722444800 524288
3722969088 262144
3723231232 131072
3723362304 65536
3723427840 32768
3723460608 32768
3725590528 131072
3725721600 131072
3725852672 131072
3725983744 65536
3726049280 65536
3726114816 131072
3726245888 131072
3726376960 262144
3726639104 2097152
3728736256 524288
3729260544 131072
3729391616 65536
3729457152 65536
3729522688 262144
3729784832 131072
3729915904 65536
3729981440 32768
3730014208 32768
3730046976 65536
3730112512 32768
3730145280 32768
3730178048 131072
3730309120 131072
3730440192 131072
3730571264 262144
3732733952 65536
3732832256 32768
3732930560 262144
3733192704 262144
3733454848 524288
3735027712 131072
3735158784 65536
3735224320 8192
3735232512 8192
3735240704 16384
3735257088 32768
3735552000 131072
3735683072 131072
3735814144 32768
3735846912 32768
3735879680 65536
3735945216 131072
3736076288 524288
3736600576 524288
3737124864 262144
3737387008 131072
3737518080 65536
3737583616 65536
3737649152 262144
3737911296 131072
3738042368 131072
3738173440 524288
3738697728 131072
3738828800 65536
3738894336 65536
3738959872 131072
3739090944 131072
3740270592 524288
3740794880 65536
3740860416 32768
3740893184 8192
3740901376 4096
3740905472 4096
3740909568 16384
3741319168 131072
3741450240 131072
3741581312 262144
3741843456 524288
3742629888 131072
3743135744 1024
3745513472 2097152
3747610624 1048576
3748659200 262144
3748921344 131072
3749183488 524288
3749707776 131072
3750756352 1048576
3751804928 262144
3752198144 131072
3753902080 131072
3754295296 131072
3754491904 65536
3754557440 131072
3754950656 262144
3755212800 131072
3755343872 131072
3755737088 131072
3755978752 4096
3755982848 4096
3757047808 524288
3757572096 262144
3757867008 32768
3757965312 65536
3758030848 32768
3758091264 1024
3758095360 512
